  1.4358093e+004 -1.8689656e+003
  3.9917043e+003 -1.0449157e+002
  2.6874608e+003 -4.8785588e+001
  4.3806292e+003 -1.2144284e+003
 -7.3382666e+002 -3.8420551e+002
 -1.3915757e+003 -2.3667910e+002
 -3.9126637e+003  1.9459652e+003
  5.5749422e+002 -6.2359145e+002
 -9.7082140e+002 -1.6190029e+002
 -1.8199387e+003 -9.8759929e+001
  6.9586928e+002 -1.1462567e+002
  5.5535782e+003 -1.5212052e+002
 -4.2618730e+003  2.4579110e+003
 -3.6544767e+003 -3.0903657e+000
 -4.9070500e+003  1.8737065e+002
 -2.9062993e+003 -1.9472136e+001
  4.5500413e+002 -7.2539563e+001
 -3.7413797e+003  1.4111674e+002
 -4.3799283e+003  3.7129219e+002
