  2.3459473e-001  2.4097991e-001
  2.0785727e-001  1.9179668e-001
  2.3044294e-001  2.4974278e-001
  2.3844091e-001  2.4382026e-001
  2.3233381e-001  2.4325658e-001
  2.3024499e-001  2.4382718e-001
  2.2783873e-001  2.3891085e-001
  2.3123783e-001  2.3934001e-001
  2.2331794e-001  2.2997862e-001
  2.2109384e-001  2.0878626e-001
  2.1384987e-001  1.9724577e-001
  2.1793662e-001  1.9287542e-001
  2.2495109e-001  2.2920998e-001
  2.1609148e-001  2.0113520e-001
  2.0796037e-001  1.8445008e-001
  2.2245848e-001  2.2101317e-001
  2.1478210e-001  2.2558850e-001
  2.1256124e-001  2.1572754e-001
  2.3443634e-001  2.3469227e-001
  2.2614179e-001  2.2220827e-001
